273691339
273665367
273500921
273498971
273312790
273309210
273224369
273167672
273069314
272929061
272836891
272823495
272764419
272699795
272691452
272600952
272538882
272460333
272447496
273675605
273521308
273488058
273367004
273215829
273127697
272904381
272900590
272753021
272724100
272696184
272512742
272412384
272272081
271971422
271821267
271641076
271513361
271439321
271434972
273691339
273665367
273500921
273498971
273312790
273309210
273224369
273167672
273069314
272929061
272836891
272823495
272764419
272699795
272691452
272600952
272538882
272460333
272447496
273675605
273521308
273488058
273367004
273215829
273127697
272904381
272900590
272753021
272724100
272696184
272512742
272412384
272272081
271971422
271821267
271641076
271513361
271439321
271434972
273691339
273665367
273500921
273498971
273312790
273309210
273224369
273167672
273069314
272929061
272836891
272823495
272764419
272699795
272691452
272600952
272538882
272460333
272447496
273675605
273521308
273488058
273367004
273215829
273127697
272904381
272900590
272753021
272724100
272696184
272512742
272412384
272272081
271971422
271821267
271641076
271513361
271439321
271434972
273691339
273665367
273500921
273498971
273312790
273309210
273224369
273167672
273069314
272929061
272836891
272823495
272764419
272699795
272691452
272600952
272538882
272460333
272447496
273675605
273521308
273488058
273367004
273215829
273127697
272904381
272900590
272753021
272724100
272696184
272512742
272412384
272272081
271971422
271821267
271641076
271513361
271439321
271434972
273691339
273665367
273500921
273498971
273312790
273309210
273224369
273167672
273069314
272929061
272836891
272823495
272764419
272699795
272691452
272600952
272538882
272460333
272447496
273675605
273521308
273488058
273367004
273215829
273127697
272904381
272900590
272753021
272724100
272696184
272512742
272412384
272272081
271971422
271821267
271641076
271513361
271439321
271434972
273691339
273665367
273500921
273498971
273312790
273309210
273224369
273167672
273069314
272929061
272836891
272823495
272764419
272699795
272691452
272600952
272538882
272460333
272447496
273675605
273521308
273488058
273367004
273215829
273127697
272904381
272900590
272753021
272724100
272696184
272512742
272412384
272272081
271971422
271821267
271641076
271513361
271439321
271434972
273691339
273665367
273500921
273498971
273312790
273309210
273224369
273167672
273069314
272929061
272836891
272823495
272764419
272699795
272691452
272600952
272538882
272460333
272447496
273675605
273521308
273488058
273367004
273215829
273127697
272904381
272900590
272753021
272724100
272696184
272512742
272412384
272272081
271971422
271821267
271641076
271513361
271439321
271434972
273691339
273665367
273500921
273498971
273312790
273309210
273224369
273167672
273069314
272929061
272836891
272823495
272764419
272699795
272691452
272600952
272538882
272460333
272447496
273675605
273521308
273488058
273367004
273215829
273127697
272904381
272900590
272753021
272724100
272696184
272512742
272412384
272272081
271971422
271821267
271641076
271513361
271439321
271434972
273691339
273665367
273500921
273498971
273312790
273309210
273224369
273167672
273069314
272929061
272836891
272823495
272764419
272699795
272691452
272600952
272538882
272460333
272447496
273675605
273521308
273488058
273367004
273215829
273127697
272904381
272900590
272753021
272724100
272696184
272512742
272412384
272272081
271971422
271821267
271641076
271513361
271439321
271434972
273691339
273665367
273500921
273498971
273312790
273309210
273224369
273167672
273069314
272929061
272836891
272823495
272764419
272699795
272691452
272600952
272538882
272460333
272447496
273675605
273521308
273488058
273367004
273215829
273127697
272904381
272900590
272753021
272724100
272696184
272512742
272412384
272272081
271971422
271821267
271641076
271513361
271439321
271434972
273691339
273665367
273500921
273498971
273312790
273309210
273224369
273167672
273069314
272929061
272836891
272823495
272764419
272699795
272691452
272600952
272538882
272460333
272447496
273675605
273521308
273488058
273367004
273215829
273127697
272904381
272900590
272753021
272724100
272696184
272512742
272412384
272272081
271971422
271821267
271641076
271513361
271439321
271434972
273691339
273665367
273500921
273498971
273312790
273309210
273224369
273167672
273069314
272929061
272836891
272823495
272764419
272699795
272691452
272600952
272538882
272460333
272447496
273675605
273521308
273488058
273367004
273215829
273127697
272904381
272900590
272753021
272724100
272696184
272512742
272412384
272272081
271971422
271821267
271641076
271513361
271439321
271434972
273691339
273665367
273500921
273498971
273312790
273309210
273224369
273167672
273069314
272929061
272836891
272823495
272764419
272699795
272691452
272600952
272538882
272460333
272447496
273675605
273521308
273488058
273367004
273215829
273127697
272904381
272900590
272753021
272724100
272696184
272512742
272412384
272272081
271971422
271821267
271641076
271513361
271439321
271434972
273691339
273665367
273500921
273498971
273312790
273309210
273224369
273167672
273069314
272929061
272836891
272823495
272764419
272699795
272691452
272600952
272538882
272460333
272447496
273675605
273521308
273488058
273367004
273215829
273127697
272904381
272900590
272753021
272724100
272696184
272512742
272412384
272272081
271971422
271821267
271641076
271513361
271439321
271434972
273691339
273665367
273500921
273498971
273312790
273309210
273224369
273167672
273069314
272929061
272836891
272823495
272764419
272699795
272691452
272600952
272538882
272460333
272447496
273675605
273521308
273488058
273367004
273215829
273127697
272904381
272900590
272753021
272724100
272696184
272512742
272412384
272272081
271971422
271821267
271641076
271513361
271439321
271434972
273691339
273665367
273500921
273498971
273312790
273309210
273224369
273167672
273069314
272929061
272836891
272823495
272764419
272699795
272691452
272600952
272538882
272460333
272447496
273675605
273521308
273488058
273367004
273215829
273127697
272904381
272900590
272753021
272724100
272696184
272512742
272412384
272272081
271971422
271821267
271641076
271513361
271439321
271434972
273691339
273665367
273500921
273498971
273312790
273309210
273224369
273167672
273069314
272929061
272836891
272823495
272764419
272699795
272691452
272600952
272538882
272460333
272447496
273675605
273521308
273488058
273367004
273215829
273127697
272904381
272900590
272753021
272724100
272696184
272512742
272412384
272272081
271971422
271821267
271641076
271513361
271439321
271434972
273691339
273665367
273500921
273498971
273312790
273309210
273224369
273167672
273069314
272929061
272836891
272823495
272764419
272699795
272691452
272600952
272538882
272460333
272447496
273675605
273521308
273488058
273367004
273215829
273127697
272904381
272900590
272753021
272724100
272696184
272512742
272412384
272272081
271971422
271821267
271641076
271513361
271439321
271434972
273691339
273665367
273500921
273498971
273312790
273309210
273224369
273167672
273069314
272929061
272836891
272823495
272764419
272699795
272691452
272600952
272538882
272460333
272447496
273675605
273521308
273488058
273367004
273215829
273127697
272904381
272900590
272753021
272724100
272696184
272512742
272412384
272272081
271971422
271821267
271641076
271513361
271439321
271434972
273691339
273665367
273500921
273498971
273312790
273309210
273224369
273167672
273069314
272929061
272836891
272823495
272764419
272699795
272691452
272600952
272538882
272460333
272447496
273675605
273521308
273488058
273367004
273215829
273127697
272904381
272900590
272753021
272724100
272696184
272512742
272412384
272272081
271971422
271821267
271641076
271513361
271439321
271434972
273691339
273665367
273500921
273498971
273312790
273309210
273224369
273167672
273069314
272929061
272836891
272823495
272764419
272699795
272691452
272600952
272538882
272460333
272447496
273675605
273521308
273488058
273367004
273215829
273127697
272904381
272900590
272753021
272724100
272696184
272512742
272412384
272272081
271971422
271821267
271641076
271513361
271439321
271434972
273691339
273665367
273500921
273498971
273312790
273309210
273224369
273167672
273069314
272929061
272836891
272823495
272764419
272699795
272691452
272600952
272538882
272460333
272447496
273675605
273521308
273488058
273367004
273215829
273127697
272904381
272900590
272753021
272724100
272696184
272512742
272412384
272272081
271971422
271821267
271641076
271513361
271439321
271434972
273691339
273665367
273500921
273498971
273312790
273309210
273224369
273167672
273069314
272929061
272836891
272823495
272764419
272699795
272691452
272600952
272538882
272460333
272447496
273675605
273521308
273488058
273367004
273215829
273127697
272904381
272900590
272753021
272724100
272696184
272512742
272412384
272272081
271971422
271821267
271641076
271513361
271439321
271434972
273691339
273665367
273500921
273498971
273312790
273309210
273224369
273167672
273069314
272929061
272836891
272823495
272764419
272699795
272691452
272600952
272538882
272460333
272447496
273675605
273521308
273488058
273367004
273215829
273127697
272904381
272900590
272753021
272724100
272696184
272512742
272412384
272272081
271971422
271821267
271641076
271513361
271439321
271434972
273691339
273665367
273500921
273498971
273312790
273309210
273224369
273167672
273069314
272929061
272836891
272823495
272764419
272699795
272691452
272600952
272538882
272460333
272447496
273675605
273521308
273488058
273367004
273215829
273127697
272904381
272900590
272753021
272724100
272696184
272512742
272412384
272272081
271971422
271821267
271641076
271513361
271439321
271434972
273691339
273665367
273500921
273498971
273312790
273309210
273224369
273167672
273069314
272929061
272836891
272823495
272764419
272699795
272691452
272600952
272538882
272460333
272447496
273675605
273521308
273488058
273367004
273215829
273127697
272904381
272900590
272753021
272724100
272696184
272512742
272412384
272272081
271971422
271821267
271641076
271513361
271439321
271434972
273691339
273665367
273500921
273498971
273312790
273309210
273224369
273167672
273069314
272929061
272836891
272823495
272764419
272699795
272691452
272600952
272538882
272460333
272447496
273675605
273521308
273488058
273367004
273215829
273127697
272904381
272900590
272753021
272724100
272696184
272512742
272412384
272272081
271971422
271821267
271641076
271513361
271439321
271434972
273691339
273665367
273500921
273498971
273312790
273309210
273224369
273167672
273069314
272929061
272836891
272823495
272764419
272699795
272691452
272600952
272538882
272460333
272447496
273675605
273521308
273488058
273367004
273215829
273127697
272904381
272900590
272753021
272724100
272696184
272512742
272412384
272272081
271971422
271821267
271641076
271513361
271439321
271434972
273691339
273665367
273500921
273498971
273312790
273309210
273224369
273167672
273069314
272929061
272836891
272823495
272764419
272699795
272691452
272600952
272538882
272460333
272447496
273675605
273521308
273488058
273367004
273215829
273127697
272904381
272900590
272753021
272724100
272696184
272512742
272412384
272272081
271971422
271821267
271641076
271513361
271439321
271434972
273691339
273665367
273500921
273498971
273312790
273309210
273224369
273167672
273069314
272929061
272836891
272823495
272764419
272699795
272691452
272600952
272538882
272460333
272447496
273691339
273665367
273500921
273498971
273312790
273309210
273224369
273167672
273069314
272929061
272836891
272823495
272764419
272699795
272691452
272600952
272538882
272460333
272447496
273691339
273665367
273500921
273498971
273312790
273309210
273224369
273167672
273069314
272929061
272836891
272823495
272764419
272699795
272691452
272600952
272538882
272460333
272447496
273675605
273521308
273488058
273367004
273215829
273127697
272904381
272900590
272753021
272724100
272696184
272512742
272412384
272272081
271971422
271821267
271641076
271513361
271439321
271434972
273691339
273665367
273500921
273498971
273312790
273309210
273224369
273167672
273069314
272929061
272836891
272823495
272764419
272699795
272691452
272600952
272538882
272460333
272447496
273675605
273521308
273488058
273367004
273215829
273127697
272904381
272900590
272753021
272724100
272696184
272512742
272412384
272272081
271971422
271821267
271641076
271513361
271439321
271434972
273691339
273665367
273500921
273498971
273312790
273309210
273224369
273167672
273069314
272929061
272836891
272823495
272764419
272699795
272691452
272600952
272538882
272460333
272447496
273675605
273521308
273488058
273367004
273215829
273127697
272904381
272900590
272753021
272724100
272696184
272512742
272412384
272272081
271971422
271821267
271641076
271513361
271439321
271434972
273691339
273665367
273500921
273498971
273312790
273309210
273224369
273167672
273069314
272929061
272836891
272823495
272764419
272699795
272691452
272600952
272538882
272460333
272447496
273675605
273521308
273488058
273367004
273215829
273127697
272904381
272900590
272753021
272724100
272696184
272512742
272412384
272272081
271971422
271821267
271641076
271513361
271439321
271434972
273691339
273665367
273500921
273498971
273312790
273309210
273224369
273167672
273069314
272929061
272836891
272823495
272764419
272699795
272691452
272600952
272538882
272460333
272447496
273896544
273890012
273945307
273945307
273945307
273945307
